"","Topic.1","Topic.2","Topic.3","Topic.4"
"1","document","risk","knowledge","work"
"2","word","project","issue","organisation"
"3","cluster","management","ibis","management"
"4","topic","manager","question","process"
"5","figure","model","idea","practice"
"6","term","problem","discussion","change"
